1746637527670 0.17016316950321198 0
1746637529061 0.3589743673801422 1
1746637530440 0.4149184226989746 2
1746637531823 0.44988346099853516 3
1746637533204 0.5104895234107971 4
1746637534589 0.5687645673751831 5
1746637535957 0.6060606241226196 6
1746637537339 0.6503496766090393 7
1746637538686 0.7062937021255493 8
1746637540041 0.7902097702026367 9
1746637541399 0.8041958212852478 10
1746637542755 0.8648018836975098 11
1746637544108 0.8601398468017578 12
1746637545458 0.8741258978843689 13
1746637546810 0.9184148907661438 14
1746637548165 0.9207459092140198 15
1746637549542 0.8857808709144592 16
1746637553877 0.6060606241226196 17
