1746637527670 2.0556037425994873 0
1746637529061 1.788769245147705 1
1746637530440 1.647463321685791 2
1746637531823 1.5146993398666382 3
1746637533204 1.3730695247650146 4
1746637534589 1.2639273405075073 5
1746637535957 1.144238829612732 6
1746637537339 1.0018291473388672 7
1746637538686 0.9159226417541504 8
1746637540041 0.7566547393798828 9
1746637541399 0.6637232303619385 10
1746637542755 0.5271779298782349 11
1746637544108 0.4768456220626831 12
1746637545458 0.41716521978378296 13
1746637546810 0.3531334102153778 14
1746637548165 0.3497193157672882 15
1746637549542 0.3430469334125519 16
1746637553877 1.144238829612732 17
