1746637213094 0.1794871836900711 0
1746637214021 0.19114218652248383 1
1746637214942 0.21445220708847046 2
1746637215870 0.251748263835907 3
1746637216793 0.2657342553138733 4
1746637217716 0.2773892879486084 5
1746637218644 0.31235432624816895 6
1746637219563 0.36596736311912537 7
1746637220480 0.3333333432674408 8
1746637221407 0.3473193347454071 9
1746637222330 0.35198134183883667 10
1746637223255 0.3589743673801422 11
1746637224181 0.3869463801383972 12
1746637225101 0.3986014127731323 13
1746637226026 0.4009324014186859 14
1746637226948 0.42191141843795776 15
1746637227872 0.43589743971824646 16
1746637228798 0.42657342553138733 17
1746637229725 0.4475524425506592 18
1746637230650 0.4452214539051056 19
1746637231578 0.4825174808502197 20
1746637232495 0.47785547375679016 21
1746637233417 0.4825174808502197 22
1746637234337 0.4731934666633606 23
1746637235261 0.503496527671814 24
1746637236186 0.5198135375976562 25
1746637237110 0.5337995290756226 26
1746637238029 0.559440553188324 27
1746637238948 0.5687645673751831 28
1746637239878 0.5780885815620422 29
1746637240810 0.5617715716362 30
1746637241738 0.5897436141967773 31
1746637242657 0.631701648235321 32
1746637243579 0.5827505588531494 33
1746637244501 0.6223776340484619 34
1746637245426 0.6083915829658508 35
1746637246342 0.6526806354522705 36
1746637247241 0.6689976453781128 37
1746637248129 0.6410256624221802 38
1746637249025 0.6573426723480225 39
1746637249941 0.6689976453781128 40
1746637250825 0.6853147149085999 41
1746637251741 0.7062937021255493 42
1746637252658 0.7132866978645325 43
1746637253554 0.7109557390213013 44
1746637254482 0.7226107120513916 45
1746637255411 0.752913773059845 46
1746637256329 0.748251736164093 47
1746637257218 0.7808857560157776 48
1746637258109 0.750582754611969 49
1746637258995 0.7622377872467041 50
1746637259880 0.7668997645378113 51
1746637260778 0.7878788113594055 52
1746637261700 0.7738927602767944 53
1746637262601 0.8018648028373718 54
1746637263523 0.806526780128479 55
1746637264414 0.811188817024231 56
1746637265333 0.8158507943153381 57
1746637266226 0.8181818127632141 58
1746637267117 0.811188817024231 59
1746637268002 0.8438228368759155 60
1746637268888 0.8484848737716675 61
1746637269772 0.8414918184280396 62
1746637270663 0.867132842540741 63
1746637271550 0.8414918184280396 64
1746637272438 0.8904429078102112 65
1746637273325 0.867132842540741 66
1746637277921 0.811188817024231 67
