1746637213094 2.0554215908050537 0
1746637214021 2.017805576324463 1
1746637214942 1.9944140911102295 2
1746637215870 1.954391598701477 3
1746637216793 1.9216212034225464 4
1746637217716 1.897551417350769 5
1746637218644 1.8657490015029907 6
1746637219563 1.8254519701004028 7
1746637220480 1.816519021987915 8
1746637221407 1.7858192920684814 9
1746637222330 1.7449549436569214 10
1746637223255 1.7359726428985596 11
1746637224181 1.698541283607483 12
1746637225101 1.670366883277893 13
1746637226026 1.6377943754196167 14
1746637226948 1.6183212995529175 15
1746637227872 1.5843225717544556 16
1746637228798 1.5645700693130493 17
1746637229725 1.5508631467819214 18
1746637230650 1.5184718370437622 19
1746637231578 1.5114635229110718 20
1746637232495 1.4685629606246948 21
1746637233417 1.4435491561889648 22
1746637234337 1.4436376094818115 23
1746637235261 1.394299030303955 24
1746637236186 1.3751676082611084 25
1746637237110 1.3295434713363647 26
1746637238029 1.3099145889282227 27
1746637238948 1.2958261966705322 28
1746637239878 1.259554386138916 29
1746637240810 1.2555662393569946 30
1746637241738 1.2066644430160522 31
1746637242657 1.1875126361846924 32
1746637243579 1.174476146697998 33
1746637244501 1.1474207639694214 34
1746637245426 1.112821102142334 35
1746637246342 1.1153819561004639 36
1746637247241 1.062888741493225 37
1746637248129 1.0618678331375122 38
1746637249025 1.0443145036697388 39
1746637249941 1.0186622142791748 40
1746637250825 0.9884030818939209 41
1746637251741 0.9594253301620483 42
1746637252658 0.9393467903137207 43
1746637253554 0.9162281155586243 44
1746637254482 0.8912703394889832 45
1746637255411 0.8545510768890381 46
1746637256329 0.838939368724823 47
1746637257218 0.8084274530410767 48
1746637258109 0.7926400303840637 49
1746637258995 0.7802455425262451 50
1746637259880 0.7523931860923767 51
1746637260778 0.752851128578186 52
1746637261700 0.7246370315551758 53
1746637262601 0.7010725736618042 54
1746637263523 0.6685032248497009 55
1746637264414 0.6539586186408997 56
1746637265333 0.6314228773117065 57
1746637266226 0.614378809928894 58
1746637267117 0.6122601628303528 59
1746637268002 0.5641329884529114 60
1746637268888 0.5639868378639221 61
1746637269772 0.5454936623573303 62
1746637270663 0.5127996206283569 63
1746637271550 0.52068692445755 64
1746637272438 0.4701373875141144 65
1746637273325 0.47689568996429443 66
1746637277921 0.6539586186408997 67
