1746637316547 0.16317015886306763 0
1746637317977 0.2237762212753296 1
1746637319401 0.21911421418190002 2
1746637320828 0.28438228368759155 3
1746637322249 0.2657342553138733 4
1746637323678 0.3170163035392761 5
1746637325093 0.3310023248195648 6
1746637326522 0.29836830496788025 7
1746637327943 0.3356643319129944 8
1746637329352 0.32634031772613525 9
1746637330807 0.35431236028671265 10
1746637332239 0.35198134183883667 11
1746637333673 0.38228437304496765 12
1746637335129 0.36596736311912537 13
1746637336566 0.3449883460998535 14
1746637337989 0.38228437304496765 15
1746637339412 0.39393940567970276 16
1746637340847 0.3986014127731323 17
1746637342258 0.4032633900642395 18
1746637343678 0.3986014127731323 19
1746637345122 0.41258740425109863 20
1746637346573 0.42657342553138733 21
1746637347984 0.4452214539051056 22
1746637349412 0.44988346099853516 23
1746637350842 0.470862478017807 24
1746637352277 0.4731934666633606 25
1746637353689 0.4592074453830719 26
1746637355102 0.49417248368263245 27
1746637356534 0.47785547375679016 28
1746637357966 0.46853145956993103 29
1746637359388 0.4871794879436493 30
1746637360805 0.501165509223938 31
1746637362234 0.4895104765892029 32
1746637363663 0.5128205418586731 33
1746637365088 0.5268065333366394 34
1746637366525 0.501165509223938 35
1746637367968 0.5524475574493408 36
1746637369409 0.5524475574493408 37
1746637370874 0.557109534740448 38
1746637372314 0.5477855205535889 39
1746637373745 0.5361305475234985 40
1746637375191 0.5501165390014648 41
1746637376611 0.5710955858230591 42
1746637378044 0.557109534740448 43
1746637379467 0.5990676283836365 44
1746637380887 0.5710955858230591 45
1746637382302 0.5804196000099182 46
1746637383736 0.5757575631141663 47
1746637385152 0.5990676283836365 48
1746637386591 0.5850815773010254 49
1746637387991 0.6107226014137268 50
1746637389432 0.6200466156005859 51
1746637390870 0.6130536198616028 52
1746637392275 0.6363636255264282 53
1746637393681 0.6386946439743042 54
1746637395081 0.6363636255264282 55
1746637396508 0.6293706297874451 56
1746637397960 0.631701648235321 57
1746637399365 0.6270396113395691 58
1746637400783 0.6736596822738647 59
1746637402201 0.6340326070785522 60
1746637403614 0.6480186581611633 61
1746637405008 0.6456876397132874 62
1746637406396 0.6410256624221802 63
1746637407805 0.6620046496391296 64
1746637409185 0.6503496766090393 65
1746637410600 0.6759907007217407 66
1746637411995 0.6829836964607239 67
1746637413395 0.7062937021255493 68
1746637414781 0.7086247205734253 69
1746637416198 0.689976692199707 70
1746637417603 0.7086247205734253 71
1746637418997 0.692307710647583 72
1746637420370 0.6993007063865662 73
1746637421759 0.7156177163124084 74
1746637423170 0.7226107120513916 75
1746637424552 0.7016317248344421 76
1746637425928 0.7039626836776733 77
1746637427318 0.7272727489471436 78
1746637428699 0.7179487347602844 79
1746637430134 0.7762237787246704 80
1746637431522 0.7296037077903748 81
1746637432912 0.7272727489471436 82
1746637434301 0.7226107120513916 83
1746637435692 0.7435897588729858 84
1746637440248 0.7156177163124084 85
