1746637316547 2.1020054817199707 0
1746637317977 2.019974946975708 1
1746637319401 1.9940160512924194 2
1746637320828 1.9611897468566895 3
1746637322249 1.948399543762207 4
1746637323678 1.891221523284912 5
1746637325093 1.8827621936798096 6
1746637326522 1.8598953485488892 7
1746637327943 1.8429499864578247 8
1746637329352 1.7997742891311646 9
1746637330807 1.7836025953292847 10
1746637332239 1.7712924480438232 11
1746637333673 1.745054841041565 12
1746637335129 1.7230138778686523 13
1746637336566 1.7232016324996948 14
1746637337989 1.6796965599060059 15
1746637339412 1.6763032674789429 16
1746637340847 1.6697083711624146 17
1746637342258 1.646238088607788 18
1746637343678 1.6216658353805542 19
1746637345122 1.6004959344863892 20
1746637346573 1.5816333293914795 21
1746637347984 1.5586127042770386 22
1746637349412 1.5564827919006348 23
1746637350842 1.522550344467163 24
1746637352277 1.5155407190322876 25
1746637353689 1.4980976581573486 26
1746637355102 1.4987595081329346 27
1746637356534 1.4699642658233643 28
1746637357966 1.4781736135482788 29
1746637359388 1.465399146080017 30
1746637360805 1.4265666007995605 31
1746637362234 1.4322224855422974 32
1746637363663 1.4121041297912598 33
1746637365088 1.392177939414978 34
1746637366525 1.393114447593689 35
1746637367968 1.3527604341506958 36
1746637369409 1.337650179862976 37
1746637370874 1.3585669994354248 38
1746637372314 1.3300246000289917 39
1746637373745 1.3297406435012817 40
1746637375191 1.3028764724731445 41
1746637376611 1.273685336112976 42
1746637378044 1.2902642488479614 43
1746637379467 1.2299753427505493 44
1746637380887 1.2503128051757812 45
1746637382302 1.2611709833145142 46
1746637383736 1.2227717638015747 47
1746637385152 1.2187339067459106 48
1746637386591 1.2340359687805176 49
1746637387991 1.2051546573638916 50
1746637389432 1.1638803482055664 51
1746637390870 1.165196180343628 52
1746637392275 1.1406747102737427 53
1746637393681 1.121503233909607 54
1746637395081 1.1212290525436401 55
1746637396508 1.12547767162323 56
1746637397960 1.1029759645462036 57
1746637399365 1.0897530317306519 58
1746637400783 1.0812292098999023 59
1746637402201 1.0761405229568481 60
1746637403614 1.055906057357788 61
1746637405008 1.0295838117599487 62
1746637406396 1.0579367876052856 63
1746637407805 1.0122078657150269 64
1746637409185 1.0141340494155884 65
1746637410600 1.0278319120407104 66
1746637411995 0.9842691421508789 67
1746637413395 0.9762150645256042 68
1746637414781 0.9483413100242615 69
1746637416198 0.9517834186553955 70
1746637417603 0.9531438946723938 71
1746637418997 0.9819982647895813 72
1746637420370 0.9297443628311157 73
1746637421759 0.9102125763893127 74
1746637423170 0.9102243185043335 75
1746637424552 0.9098138213157654 76
1746637425928 0.8909177780151367 77
1746637427318 0.9045403003692627 78
1746637428699 0.8816676139831543 79
1746637430134 0.8353186845779419 80
1746637431522 0.8483080863952637 81
1746637432912 0.8605005145072937 82
1746637434301 0.8353918790817261 83
1746637435692 0.8141419291496277 84
1746637440248 0.9102125763893127 85
