1746637556422 0.17016316950321198 0
1746637557184 0.3076923191547394 1
1746637557948 0.37995338439941406 2
1746637558713 0.35664334893226624 3
1746637559483 0.4195804297924042 4
1746637560250 0.40792539715766907 5
1746637561023 0.4452214539051056 6
1746637561790 0.44988346099853516 7
1746637562552 0.4545454680919647 8
1746637563334 0.4755244851112366 9
1746637564105 0.5384615659713745 10
1746637564878 0.5244755148887634 11
1746637565640 0.559440553188324 12
1746637566403 0.5547785758972168 13
1746637567163 0.5944055914878845 14
1746637567903 0.6223776340484619 15
1746637568642 0.5990676283836365 16
1746637569399 0.6550116539001465 17
1746637570159 0.6829836964607239 18
1746637570906 0.6643356680870056 19
1746637571673 0.7039626836776733 20
1746637572414 0.7249417304992676 21
1746637573149 0.7132866978645325 22
1746637573905 0.7342657446861267 23
1746637574669 0.7575757503509521 24
1746637575416 0.7599067687988281 25
1746637576154 0.7622377872467041 26
1746637576901 0.8041958212852478 27
1746637577664 0.8018648028373718 28
1746637578425 0.8438228368759155 29
1746637579190 0.8298368453979492 30
1746637579950 0.8461538553237915 31
1746637580698 0.8741258978843689 32
1746637581468 0.881118893623352 33
1746637582228 0.8951048851013184 34
1746637583009 0.8694638609886169 35
1746637583757 0.8997669219970703 36
1746637584501 0.8974359035491943 37
1746637585242 0.8974359035491943 38
1746637585979 0.9137529134750366 39
1746637586725 0.9510489702224731 40
1746637587465 0.9300699234008789 41
1746637588222 0.9487179517745972 42
1746637588968 0.941724956035614 43
1746637589711 0.9510489702224731 44
1746637594041 0.8951048851013184 45
