1746637556422 2.055802583694458 0
1746637557184 1.8845421075820923 1
1746637557948 1.7970325946807861 2
1746637558713 1.7418360710144043 3
1746637559483 1.6681854724884033 4
1746637560250 1.632645845413208 5
1746637561023 1.5663329362869263 6
1746637561790 1.52902352809906 7
1746637562552 1.497365117073059 8
1746637563334 1.4496420621871948 9
1746637564105 1.3755743503570557 10
1746637564878 1.3510046005249023 11
1746637565640 1.2773689031600952 12
1746637566403 1.2569127082824707 13
1746637567163 1.2032431364059448 14
1746637567903 1.1830201148986816 15
1746637568642 1.1547499895095825 16
1746637569399 1.07534658908844 17
1746637570159 1.0093940496444702 18
1746637570906 1.036138653755188 19
1746637571673 0.9856423735618591 20
1746637572414 0.9015694260597229 21
1746637573149 0.9004542827606201 22
1746637573905 0.8514698147773743 23
1746637574669 0.7975780963897705 24
1746637575416 0.7850190997123718 25
1746637576154 0.7580767273902893 26
1746637576901 0.7015251517295837 27
1746637577664 0.6793264150619507 28
1746637578425 0.5889009833335876 29
1746637579190 0.6267690062522888 30
1746637579950 0.5719178318977356 31
1746637580698 0.5303875207901001 32
1746637581468 0.48514360189437866 33
1746637582228 0.4704231023788452 34
1746637583009 0.4740043580532074 35
1746637583757 0.3897840976715088 36
1746637584501 0.416615754365921 37
1746637585242 0.3892439603805542 38
1746637585979 0.3204928934574127 39
1746637586725 0.2795165777206421 40
1746637587465 0.29195132851600647 41
1746637588222 0.2697998881340027 42
1746637588968 0.27109473943710327 43
1746637589711 0.24047692120075226 44
1746637594041 0.4704231023788452 45
