1746637597894 0.24708624184131622 0
1746637599085 0.39393940567970276 1
1746637600302 0.5081585049629211 2
1746637601509 0.5920745730400085 3
1746637602723 0.61771559715271 4
1746637603858 0.7062937021255493 5
1746637605000 0.7156177163124084 6
1746637606136 0.7645687460899353 7
1746637607271 0.8205128312110901 8
1746637608411 0.881118893623352 9
1746637609546 0.9114218950271606 10
1746637610675 0.9487179517745972 11
1746637611809 0.9696969985961914 12
1746637612949 0.9906759858131409 13
1746637617369 0.5920745730400085 14
