1746637597894 1.8995150327682495 0
1746637599085 1.5611015558242798 1
1746637600302 1.382845401763916 2
1746637601509 1.2092888355255127 3
1746637602723 1.0616263151168823 4
1746637603858 0.9230887293815613 5
1746637605000 0.8111139535903931 6
1746637606136 0.6795198917388916 7
1746637607271 0.5661084651947021 8
1746637608411 0.4254462718963623 9
1746637609546 0.3318147361278534 10
1746637610675 0.23551824688911438 11
1746637611809 0.1594821959733963 12
1746637612949 0.10746719688177109 13
1746637617369 1.2092888355255127 14
