1746637139392 0.13053612411022186 0
1746637140341 0.17482517659664154 1
1746637141286 0.1655011624097824 2
1746637142222 0.18648017942905426 3
1746637143166 0.2214452177286148 4
1746637144116 0.21445220708847046 5
1746637145055 0.26806527376174927 6
1746637145995 0.2750582695007324 7
1746637146928 0.28205129504203796 8
1746637147868 0.31002330780029297 9
1746637148808 0.3589743673801422 10
1746637149753 0.3426573574542999 11
1746637150690 0.34032633900642395 12
1746637151625 0.32867133617401123 13
1746637152568 0.3333333432674408 14
1746637153507 0.3636363744735718 15
1746637154452 0.35664334893226624 16
1746637155394 0.3776223659515381 17
1746637156327 0.3776223659515381 18
1746637157254 0.3916083872318268 19
1746637158186 0.4009324014186859 20
1746637159104 0.3892773985862732 21
1746637160029 0.39393940567970276 22
1746637160948 0.4032633900642395 23
1746637161868 0.41258740425109863 24
1746637162792 0.43822842836380005 25
1746637163710 0.4289044141769409 26
1746637164631 0.4475524425506592 27
1746637165551 0.4568764567375183 28
1746637166477 0.43822842836380005 29
1746637167405 0.4335664212703705 30
1746637168331 0.4568764567375183 31
1746637169257 0.4848484992980957 32
1746637170182 0.46620047092437744 33
1746637171112 0.4825174808502197 34
1746637172036 0.4965035021305084 35
1746637172964 0.5128205418586731 36
1746637173884 0.5081585049629211 37
1746637174805 0.5291375517845154 38
1746637175692 0.5244755148887634 39
1746637176578 0.5198135375976562 40
1746637177492 0.5664335489273071 41
1746637178374 0.5547785758972168 42
1746637179263 0.5244755148887634 43
1746637180181 0.5524475574493408 44
1746637181110 0.5710955858230591 45
1746637182031 0.5804196000099182 46
1746637182922 0.5850815773010254 47
1746637183843 0.5850815773010254 48
1746637184773 0.6013985872268677 49
1746637185662 0.5944055914878845 50
1746637186547 0.6013985872268677 51
1746637187431 0.6107226014137268 52
1746637188320 0.6060606241226196 53
1746637189242 0.61771559715271 54
1746637190128 0.5967366099357605 55
1746637191022 0.6060606241226196 56
1746637191909 0.6130536198616028 57
1746637192801 0.6503496766090393 58
1746637193686 0.6526806354522705 59
1746637194576 0.6736596822738647 60
1746637195489 0.6363636255264282 61
1746637196374 0.6783216595649719 62
1746637197292 0.6620046496391296 63
1746637198179 0.6759907007217407 64
1746637199071 0.6526806354522705 65
1746637199960 0.7016317248344421 66
1746637200852 0.6993007063865662 67
1746637201740 0.7132866978645325 68
1746637202626 0.6946386694908142 69
1746637203512 0.7249417304992676 70
1746637204395 0.7179487347602844 71
1746637205276 0.7226107120513916 72
1746637209843 0.6783216595649719 73
