1746637139392 2.1053755283355713 0
1746637140341 2.0705127716064453 1
1746637141286 2.0657706260681152 2
1746637142222 2.0399928092956543 3
1746637143166 2.004424810409546 4
1746637144116 1.9966586828231812 5
1746637145055 1.9813076257705688 6
1746637145995 1.9562976360321045 7
1746637146928 1.9397474527359009 8
1746637147868 1.8951845169067383 9
1746637148808 1.8725005388259888 10
1746637149753 1.8668009042739868 11
1746637150690 1.8528509140014648 12
1746637151625 1.832366704940796 13
1746637152568 1.8159489631652832 14
1746637153507 1.7806445360183716 15
1746637154452 1.7844207286834717 16
1746637155394 1.7562072277069092 17
1746637156327 1.7286864519119263 18
1746637157254 1.7069849967956543 19
1746637158186 1.6910713911056519 20
1746637159104 1.6837234497070312 21
1746637160029 1.6832547187805176 22
1746637160948 1.6517324447631836 23
1746637161868 1.6193482875823975 24
1746637162792 1.596726655960083 25
1746637163710 1.5652304887771606 26
1746637164631 1.5631359815597534 27
1746637165551 1.5512981414794922 28
1746637166477 1.5449715852737427 29
1746637167405 1.5601024627685547 30
1746637168331 1.5288386344909668 31
1746637169257 1.5004854202270508 32
1746637170182 1.4855728149414062 33
1746637171112 1.4788018465042114 34
1746637172036 1.4467710256576538 35
1746637172964 1.4350281953811646 36
1746637173884 1.4229047298431396 37
1746637174805 1.3721046447753906 38
1746637175692 1.390959620475769 39
1746637176578 1.3739004135131836 40
1746637177492 1.350904941558838 41
1746637178374 1.3268331289291382 42
1746637179263 1.3256014585494995 43
1746637180181 1.2984155416488647 44
1746637181110 1.2726997137069702 45
1746637182031 1.2575923204421997 46
1746637182922 1.2400809526443481 47
1746637183843 1.2486861944198608 48
1746637184773 1.219730019569397 49
1746637185662 1.1838288307189941 50
1746637186547 1.1694704294204712 51
1746637187431 1.1812580823898315 52
1746637188320 1.132628083229065 53
1746637189242 1.1401550769805908 54
1746637190128 1.1255449056625366 55
1746637191022 1.1259689331054688 56
1746637191909 1.1080710887908936 57
1746637192801 1.0705723762512207 58
1746637193686 1.0597846508026123 59
1746637194576 1.0645991563796997 60
1746637195489 1.059868574142456 61
1746637196374 0.9939851760864258 62
1746637197292 1.052152156829834 63
1746637198179 0.9805423021316528 64
1746637199071 1.0300174951553345 65
1746637199960 0.9492090940475464 66
1746637200852 0.9682294726371765 67
1746637201740 0.9221743941307068 68
1746637202626 0.9247733354568481 69
1746637203512 0.9059054851531982 70
1746637204395 0.8927679657936096 71
1746637205276 0.8726252913475037 72
1746637209843 0.9939851760864258 73
