1746637621157 0.23076923191547394 0
1746637622619 0.4009324014186859 1
1746637624072 0.4568764567375183 2
1746637625536 0.5128205418586731 3
1746637626985 0.6060606241226196 4
1746637628440 0.6713286638259888 5
1746637629886 0.7226107120513916 6
1746637631315 0.7552447319030762 7
1746637632739 0.8181818127632141 8
1746637634164 0.8205128312110901 9
1746637635590 0.8787878751754761 10
1746637637019 0.8904429078102112 11
1746637638442 0.8694638609886169 12
1746637639868 0.9254079461097717 13
1746637641292 0.9184148907661438 14
1746637642717 0.9487179517745972 15
1746637647113 0.6713286638259888 16
