1746637621157 1.9708515405654907 0
1746637622619 1.6660618782043457 1
1746637624072 1.471632480621338 2
1746637625536 1.3208504915237427 3
1746637626985 1.1303904056549072 4
1746637628440 1.0069361925125122 5
1746637629886 0.8397769331932068 6
1746637631315 0.7727763652801514 7
1746637632739 0.6146979928016663 8
1746637634164 0.5260749459266663 9
1746637635590 0.41378501057624817 10
1746637637019 0.36245280504226685 11
1746637638442 0.3543982207775116 12
1746637639868 0.27205270528793335 13
1746637641292 0.23604069650173187 14
1746637642717 0.18984076380729675 15
1746637647113 1.0069361925125122 16
