1746637108674 0.3310023248195648 0
1746637110101 0.4032633900642395 1
1746637111543 0.4965035021305084 2
1746637112990 0.5407925248146057 3
1746637114403 0.6130536198616028 4
1746637115815 0.6573426723480225 5
1746637117243 0.689976692199707 6
1746637118690 0.7365967631340027 7
1746637120104 0.7622377872467041 8
1746637121516 0.7925407886505127 9
1746637122936 0.8181818127632141 10
1746637124347 0.8601398468017578 11
1746637125792 0.8717948794364929 12
1746637127197 0.9324009418487549 13
1746637128612 0.9347319602966309 14
1746637130032 0.9557109475135803 15
1746637131453 0.9673659801483154 16
1746637136099 0.689976692199707 17
