1746637108674 1.8392254114151 0
1746637110101 1.6247107982635498 1
1746637111543 1.4398517608642578 2
1746637112990 1.2993320226669312 3
1746637114403 1.2025692462921143 4
1746637115815 1.0730016231536865 5
1746637117243 0.9735029339790344 6
1746637118690 0.8324659466743469 7
1746637120104 0.7668487429618835 8
1746637121516 0.6778921484947205 9
1746637122936 0.5779109597206116 10
1746637124347 0.4828307330608368 11
1746637125792 0.432840496301651 12
1746637127197 0.3102481961250305 13
1746637128612 0.2868432402610779 14
1746637130032 0.22871682047843933 15
1746637131453 0.18070057034492493 16
1746637136099 0.9735029339790344 17
