1746988848512 0.17715618014335632 0
1746988848601 0.3869463801383972 1
1746988848690 0.4731934666633606 2
1746988848779 0.4755244851112366 3
1746988848851 0.5128205418586731 4
1746988848949 0.5524475574493408 5
1746988849036 0.6037296056747437 6
1746988849156 0.5804196000099182 7
1746988849251 0.6410256624221802 8
1746988849343 0.6829836964607239 9
1746988849432 0.7132866978645325 10
1746988849519 0.7132866978645325 11
1746988849590 0.7342657446861267 12
1746988849661 0.7645687460899353 13
1746988849735 0.8041958212852478 14
1746988849820 0.8135198354721069 15
1746988849917 0.8438228368759155 16
1746988849991 0.867132842540741 17
1746988850060 0.8531468510627747 18
1746988850127 0.8904429078102112 19
1746988850248 0.8764568567276001 20
1746988850321 0.8974359035491943 21
1746988850390 0.9160839319229126 22
1746988850482 0.9510489702224731 23
1746988850555 0.941724956035614 24
1746988850626 0.9463869333267212 25
1746988850700 0.9580419659614563 26
1746988850775 0.9627039432525635 27
1746988850852 0.9766899943351746 28
1746988850924 0.9766899943351746 29
1746988850992 0.9720279574394226 30
1746988851063 0.9836829900741577 31
1746988851134 0.9836829900741577 32
1746988851205 0.9906759858131409 33
1746988851321 0.9953380227088928 34
1746988851392 0.9953380227088928 35
1746988851464 0.9930070042610168 36
1746988851533 0.9860140085220337 37
1746988851606 0.9930070042610168 38
1746988851678 0.9813519716262817 39
1746988851752 0.9743589758872986 40
1746988851822 0.9860140085220337 41
1746988851895 0.9906759858131409 42
1746988851967 0.9953380227088928 43
1746988852033 0.9953380227088928 44
1746988852109 0.9953380227088928 45
1746988852177 0.9953380227088928 46
1746988852245 0.9953380227088928 47
1746988852318 0.997668981552124 48
1746988852441 0.9953380227088928 49
1746988852525 0.997668981552124 50
1746988852600 0.997668981552124 51
1746988852672 0.9953380227088928 52
1746988852743 0.9953380227088928 53
1746988852814 0.997668981552124 54
1746988852889 0.997668981552124 55
1746988852962 0.997668981552124 56
1746988853033 0.9953380227088928 57
1746988853106 0.9953380227088928 58
1746988853176 0.997668981552124 59
1746988853243 0.997668981552124 60
1746988853315 0.997668981552124 61
1746988853388 0.997668981552124 62
1746988853459 0.997668981552124 63
1746988853576 0.997668981552124 64
1746988853649 0.997668981552124 65
1746988853721 0.997668981552124 66
1746988853793 0.997668981552124 67
1746988853868 0.997668981552124 68
1746988853937 0.997668981552124 69
1746988854011 0.997668981552124 70
1746988854088 0.997668981552124 71
1746988854161 1.0 72
1746988854233 0.9953380227088928 73
1746988854304 0.997668981552124 74
1746988854379 0.997668981552124 75
1746988854451 0.9953380227088928 76
1746988854520 0.997668981552124 77
1746988854645 0.9953380227088928 78
1746988854712 0.997668981552124 79
1746988854783 0.9953380227088928 80
1746988854855 0.997668981552124 81
1746988854926 0.997668981552124 82
1746988854994 0.9883449673652649 83
1746988855061 0.9953380227088928 84
1746988855132 0.997668981552124 85
1746988855213 0.997668981552124 86
1746988855284 0.9953380227088928 87
1746988855356 0.9953380227088928 88
1746988855431 0.9953380227088928 89
1746988855505 0.997668981552124 90
1746988855577 0.997668981552124 91
1746988855646 0.997668981552124 92
1746988855749 0.9953380227088928 93
1746988855824 0.9953380227088928 94
1746988855900 0.9953380227088928 95
1746988855970 1.0 96
1746988856041 0.997668981552124 97
1746988856113 0.997668981552124 98
1746988856186 0.997668981552124 99
