1746988848512 2.015984296798706 0
1746988848601 1.7503787279129028 1
1746988848690 1.4966533184051514 2
1746988848779 1.384846568107605 3
1746988848851 1.263386845588684 4
1746988848949 1.1760679483413696 5
1746988849036 1.0909459590911865 6
1746988849156 1.0510993003845215 7
1746988849251 0.975796103477478 8
1746988849343 0.9074947237968445 9
1746988849432 0.8229777812957764 10
1746988849519 0.7813140153884888 11
1746988849590 0.7601360082626343 12
1746988849661 0.7017163038253784 13
1746988849735 0.6308609843254089 14
1746988849820 0.5889862775802612 15
1746988849917 0.5380871891975403 16
1746988849991 0.47655177116394043 17
1746988850060 0.46799236536026 18
1746988850127 0.4038815200328827 19
1746988850248 0.3996739685535431 20
1746988850321 0.3669373691082001 21
1746988850390 0.30115053057670593 22
1746988850482 0.2570917010307312 23
1746988850555 0.25090447068214417 24
1746988850626 0.21286942064762115 25
1746988850700 0.1975276917219162 26
1746988850775 0.17429685592651367 27
1746988850852 0.15571905672550201 28
1746988850924 0.14064708352088928 29
1746988850992 0.1501484215259552 30
1746988851063 0.12521791458129883 31
1746988851134 0.10514085739850998 32
1746988851205 0.094598688185215 33
1746988851321 0.08057667315006256 34
1746988851392 0.07025288790464401 35
1746988851464 0.07716485857963562 36
1746988851533 0.08414161205291748 37
1746988851606 0.08421414345502853 38
1746988851678 0.08435425162315369 39
1746988851752 0.0890439972281456 40
1746988851822 0.07583484798669815 41
1746988851895 0.0571901872754097 42
1746988851967 0.049963634461164474 43
1746988852033 0.04037151485681534 44
1746988852109 0.039360255002975464 45
1746988852177 0.03149048238992691 46
1746988852245 0.028120508417487144 47
1746988852318 0.022642770782113075 48
1746988852441 0.02402091957628727 49
1746988852525 0.02516135573387146 50
1746988852600 0.02033432200551033 51
1746988852672 0.028728235512971878 52
1746988852743 0.033131733536720276 53
1746988852814 0.024602364748716354 54
1746988852889 0.030680805444717407 55
1746988852962 0.022870637476444244 56
1746988853033 0.03622623533010483 57
1746988853106 0.030422214418649673 58
1746988853176 0.021168023347854614 59
1746988853243 0.01963845267891884 60
1746988853315 0.02014867216348648 61
1746988853388 0.022212296724319458 62
1746988853459 0.01575533300638199 63
1746988853576 0.020750485360622406 64
1746988853649 0.015761755406856537 65
1746988853721 0.01447287667542696 66
1746988853793 0.020754627883434296 67
1746988853868 0.01652364432811737 68
1746988853937 0.02036236971616745 69
1746988854011 0.01731427200138569 70
1746988854088 0.01630512624979019 71
1746988854161 0.009489744901657104 72
1746988854233 0.02230171672999859 73
1746988854304 0.01840481348335743 74
1746988854379 0.01588800735771656 75
1746988854451 0.022424258291721344 76
1746988854520 0.01573069393634796 77
1746988854645 0.011658892035484314 78
1746988854712 0.01207589078694582 79
1746988854783 0.01945880427956581 80
1746988854855 0.011424931697547436 81
1746988854926 0.01407939288765192 82
1746988854994 0.04626872017979622 83
1746988855061 0.031694140285253525 84
1746988855132 0.01642196998000145 85
1746988855213 0.018995016813278198 86
1746988855284 0.015093068592250347 87
1746988855356 0.009771049953997135 88
1746988855431 0.021512148901820183 89
1746988855505 0.015263655222952366 90
1746988855577 0.026538442820310593 91
1746988855646 0.017355788499116898 92
1746988855749 0.021472331136465073 93
1746988855824 0.013855881989002228 94
1746988855900 0.015917297452688217 95
1746988855970 0.004956969525665045 96
1746988856041 0.012654117308557034 97
1746988856113 0.015241171233355999 98
1746988856186 0.018306737765669823 99
