1746637281386 0.21445220708847046 0
1746637282210 0.2354312390089035 1
1746637283030 0.35198134183883667 2
1746637283840 0.3916083872318268 3
1746637284664 0.3869463801383972 4
1746637285478 0.4009324014186859 5
1746637286294 0.42424243688583374 6
1746637287107 0.4172494113445282 7
1746637287913 0.4428904354572296 8
1746637288712 0.470862478017807 9
1746637289521 0.4895104765892029 10
1746637290330 0.5314685106277466 11
1746637291140 0.5384615659713745 12
1746637291950 0.5804196000099182 13
1746637292769 0.5664335489273071 14
1746637293590 0.5850815773010254 15
1746637294403 0.6200466156005859 16
1746637295208 0.6247086524963379 17
1746637296017 0.6643356680870056 18
1746637296838 0.6480186581611633 19
1746637297646 0.7086247205734253 20
1746637298434 0.7132866978645325 21
1746637299247 0.7156177163124084 22
1746637300033 0.752913773059845 23
1746637300847 0.7435897588729858 24
1746637301658 0.7692307829856873 25
1746637302436 0.7668997645378113 26
1746637303211 0.8135198354721069 27
1746637303993 0.8135198354721069 28
1746637304774 0.8414918184280396 29
1746637305562 0.8461538553237915 30
1746637306343 0.8694638609886169 31
1746637307127 0.8601398468017578 32
1746637307914 0.8554778695106506 33
1746637308706 0.8787878751754761 34
1746637313286 0.7435897588729858 35
