1746637281386 2.0210108757019043 0
1746637282210 1.9663043022155762 1
1746637283030 1.8841428756713867 2
1746637283840 1.8136249780654907 3
1746637284664 1.7635149955749512 4
1746637285478 1.694730520248413 5
1746637286294 1.6514512300491333 6
1746637287107 1.5769227743148804 7
1746637287913 1.553389549255371 8
1746637288712 1.484641194343567 9
1746637289521 1.4564934968948364 10
1746637290330 1.3903156518936157 11
1746637291140 1.3726544380187988 12
1746637291950 1.2787747383117676 13
1746637292769 1.2407255172729492 14
1746637293590 1.2220733165740967 15
1746637294403 1.146640419960022 16
1746637295208 1.1285805702209473 17
1746637296017 1.0421720743179321 18
1746637296838 1.0260255336761475 19
1746637297646 0.9550505876541138 20
1746637298434 0.8827531933784485 21
1746637299247 0.8536983132362366 22
1746637300033 0.8247851133346558 23
1746637300847 0.7860438227653503 24
1746637301658 0.7119922637939453 25
1746637302436 0.6769177913665771 26
1746637303211 0.6573033332824707 27
1746637303993 0.6142284274101257 28
1746637304774 0.5563233494758606 29
1746637305562 0.5047573447227478 30
1746637306343 0.48169419169425964 31
1746637307127 0.496153861284256 32
1746637307914 0.4676494896411896 33
1746637308706 0.42108654975891113 34
1746637313286 0.7860438227653503 35
