1746637442865 0.11421911418437958 0
1746637443655 0.14219114184379578 1
1746637444457 0.16317015886306763 2
1746637445246 0.19114218652248383 3
1746637446030 0.1958041936159134 4
1746637446805 0.2097902148962021 5
1746637447589 0.20512820780277252 6
1746637448384 0.279720276594162 7
1746637449192 0.25874125957489014 8
1746637449977 0.279720276594162 9
1746637450779 0.31468531489372253 10
1746637451600 0.3076923191547394 11
1746637452386 0.3473193347454071 12
1746637453172 0.3170163035392761 13
1746637453956 0.32400932908058167 14
1746637454744 0.33799535036087036 15
1746637455544 0.3216783106327057 16
1746637456331 0.35431236028671265 17
1746637457119 0.36829838156700134 18
1746637457897 0.34032633900642395 19
1746637458697 0.35431236028671265 20
1746637459460 0.3216783106327057 21
1746637460212 0.3613053560256958 22
1746637460956 0.36596736311912537 23
1746637461724 0.3869463801383972 24
1746637462491 0.36596736311912537 25
1746637463259 0.3916083872318268 26
1746637464019 0.38461539149284363 27
1746637464791 0.3613053560256958 28
1746637465559 0.3776223659515381 29
1746637466321 0.3426573574542999 30
1746637467082 0.39393940567970276 31
1746637467849 0.4172494113445282 32
1746637468622 0.3869463801383972 33
1746637469396 0.39627039432525635 34
1746637470156 0.4009324014186859 35
1746637470917 0.3986014127731323 36
1746637471681 0.3986014127731323 37
1746637472443 0.39627039432525635 38
1746637473207 0.42191141843795776 39
1746637473971 0.42191141843795776 40
1746637474743 0.4172494113445282 41
1746637475511 0.4032633900642395 42
1746637476282 0.4149184226989746 43
1746637477050 0.440559446811676 44
1746637477812 0.43822842836380005 45
1746637478578 0.43822842836380005 46
1746637479345 0.4475524425506592 47
1746637480116 0.45221444964408875 48
1746637480881 0.45221444964408875 49
1746637481653 0.4615384638309479 50
1746637482426 0.4545454680919647 51
1746637483190 0.4568764567375183 52
1746637483951 0.4592074453830719 53
1746637484717 0.4848484992980957 54
1746637485488 0.470862478017807 55
1746637486254 0.46620047092437744 56
1746637487022 0.4731934666633606 57
1746637487793 0.4871794879436493 58
1746637488558 0.501165509223938 59
1746637489318 0.4755244851112366 60
1746637490078 0.5081585049629211 61
1746637490838 0.46620047092437744 62
1746637491601 0.4895104765892029 63
1746637492366 0.5081585049629211 64
1746637493134 0.5221444964408875 65
1746637493898 0.5104895234107971 66
1746637494659 0.5221444964408875 67
1746637495419 0.5221444964408875 68
1746637496187 0.5314685106277466 69
1746637496949 0.5454545617103577 70
1746637497711 0.5268065333366394 71
1746637498479 0.5547785758972168 72
1746637499243 0.5757575631141663 73
1746637500010 0.5501165390014648 74
1746637500778 0.5617715716362 75
1746637501545 0.5687645673751831 76
1746637502307 0.5734265446662903 77
1746637503078 0.5850815773010254 78
1746637503850 0.559440553188324 79
1746637504611 0.5547785758972168 80
1746637505360 0.5641025900840759 81
1746637506120 0.559440553188324 82
1746637506887 0.6037296056747437 83
1746637507651 0.6037296056747437 84
1746637508412 0.6130536198616028 85
1746637509177 0.5897436141967773 86
1746637509945 0.6153846383094788 87
1746637510710 0.6130536198616028 88
1746637511461 0.6247086524963379 89
1746637512219 0.5920745730400085 90
1746637512987 0.5874125957489014 91
1746637513727 0.6573426723480225 92
1746637514499 0.6130536198616028 93
1746637515266 0.6270396113395691 94
1746637516027 0.6083915829658508 95
1746637516788 0.6293706297874451 96
1746637517554 0.6293706297874451 97
1746637518323 0.6410256624221802 98
1746637519072 0.6340326070785522 99
