1746637442865 2.0956203937530518 0
1746637443655 2.054948568344116 1
1746637444457 2.0538551807403564 2
1746637445246 2.0378496646881104 3
1746637446030 2.0169291496276855 4
1746637446805 2.014368772506714 5
1746637447589 2.0103983879089355 6
1746637448384 1.9673153162002563 7
1746637449192 1.9630839824676514 8
1746637449977 1.9680144786834717 9
1746637450779 1.9409233331680298 10
1746637451600 1.9318779706954956 11
1746637452386 1.9099012613296509 12
1746637453172 1.8955429792404175 13
1746637453956 1.9055721759796143 14
1746637454744 1.8840583562850952 15
1746637455544 1.8864024877548218 16
1746637456331 1.8699313402175903 17
1746637457119 1.8399287462234497 18
1746637457897 1.8546181917190552 19
1746637458697 1.8302258253097534 20
1746637459460 1.8121293783187866 21
1746637460212 1.809644103050232 22
1746637460956 1.7964887619018555 23
1746637461724 1.7852202653884888 24
1746637462491 1.8024461269378662 25
1746637463259 1.7495999336242676 26
1746637464019 1.767497181892395 27
1746637464791 1.761533498764038 28
1746637465559 1.7375129461288452 29
1746637466321 1.7496654987335205 30
1746637467082 1.7269560098648071 31
1746637467849 1.711492896080017 32
1746637468622 1.6887167692184448 33
1746637469396 1.6804330348968506 34
1746637470156 1.6956510543823242 35
1746637470917 1.6650713682174683 36
1746637471681 1.6601202487945557 37
1746637472443 1.655351996421814 38
1746637473207 1.6277514696121216 39
1746637473971 1.6419930458068848 40
1746637474743 1.6214497089385986 41
1746637475511 1.6119433641433716 42
1746637476282 1.6025265455245972 43
1746637477050 1.587695837020874 44
1746637477812 1.5786906480789185 45
1746637478578 1.5484205484390259 46
1746637479345 1.5739105939865112 47
1746637480116 1.534579873085022 48
1746637480881 1.545398235321045 49
1746637481653 1.5326803922653198 50
1746637482426 1.528748869895935 51
1746637483190 1.5493465662002563 52
1746637483951 1.530951738357544 53
1746637484717 1.5047004222869873 54
1746637485488 1.4925600290298462 55
1746637486254 1.4841364622116089 56
1746637487022 1.4951891899108887 57
1746637487793 1.4838346242904663 58
1746637488558 1.461258053779602 59
1746637489318 1.4505152702331543 60
1746637490078 1.432151436805725 61
1746637490838 1.4296082258224487 62
1746637491601 1.4198098182678223 63
1746637492366 1.4227014780044556 64
1746637493134 1.3805397748947144 65
1746637493898 1.3931857347488403 66
1746637494659 1.3911075592041016 67
1746637495419 1.382779598236084 68
1746637496187 1.384568452835083 69
1746637496949 1.3304380178451538 70
1746637497711 1.3621184825897217 71
1746637498479 1.3246458768844604 72
1746637499243 1.302196741104126 73
1746637500010 1.3472068309783936 74
1746637500778 1.3188084363937378 75
1746637501545 1.3097188472747803 76
1746637502307 1.2766772508621216 77
1746637503078 1.267267107963562 78
1746637503850 1.3063651323318481 79
1746637504611 1.2843363285064697 80
1746637505360 1.2743359804153442 81
1746637506120 1.2727288007736206 82
1746637506887 1.2258104085922241 83
1746637507651 1.2415770292282104 84
1746637508412 1.2173975706100464 85
1746637509177 1.2235034704208374 86
1746637509945 1.1870129108428955 87
1746637510710 1.2054121494293213 88
1746637511461 1.1765204668045044 89
1746637512219 1.2082202434539795 90
1746637512987 1.1872820854187012 91
1746637513727 1.1514779329299927 92
1746637514499 1.1818699836730957 93
1746637515266 1.147679090499878 94
1746637516027 1.135962963104248 95
1746637516788 1.1068381071090698 96
1746637517554 1.1241204738616943 97
1746637518323 1.1178734302520752 98
1746637519072 1.0927776098251343 99
