1746988186200 0.2377622425556183 0
1746988187983 0.31235432624816895 1
1746988189791 0.38228437304496765 2
1746988191624 0.4149184226989746 3
1746988193411 0.46620047092437744 4
1746988195230 0.5244755148887634 5
1746988197026 0.5547785758972168 6
1746988198788 0.5734265446662903 7
1746988200573 0.6200466156005859 8
1746988202340 0.687645673751831 9
1746988204110 0.7226107120513916 10
1746988205849 0.7365967631340027 11
1746988207594 0.752913773059845 12
1746988209337 0.808857798576355 13
1746988211039 0.8344988226890564 14
1746988212787 0.8578088283538818 15
1746988214507 0.8741258978843689 16
1746988216231 0.8764568567276001 17
1746988217929 0.8741258978843689 18
1746988219637 0.867132842540741 19
1746988224726 0.687645673751831 20
