1746988186200 1.9910162687301636 0
1746988187983 1.795722246170044 1
1746988189791 1.6431488990783691 2
1746988191624 1.5219666957855225 3
1746988193411 1.4086484909057617 4
1746988195230 1.3155081272125244 5
1746988197026 1.2132066488265991 6
1746988198788 1.1409878730773926 7
1746988200573 1.059214472770691 8
1746988202340 0.9176440238952637 9
1746988204110 0.8209217190742493 10
1746988205849 0.7422935366630554 11
1746988207594 0.6868664622306824 12
1746988209337 0.6223345994949341 13
1746988211039 0.5678034424781799 14
1746988212787 0.4367322325706482 15
1746988214507 0.3960212469100952 16
1746988216231 0.39127063751220703 17
1746988217929 0.4134785532951355 18
1746988219637 0.4117591381072998 19
1746988224726 0.9176440238952637 20
